0_1006be65e7bc937e9141f9b58470d646 26.72856785774231 0.9194155657291412 0.12906227145344018
1_103a60f3b09107df2da1314e036b435e 19.620483655929565 0.8741850001811982 0.15164462760090827
2_106e9487a1d47ff1a09cb462b3e723e2 16.383770127296447 0.7977130589485169 0.21338482542335988
3_107caefdad02cf1c8ab8e68cb52baa6a 25.118650979995728 0.9540859479904175 0.07379754161089659
4_10a1783f635b3fc181dff5c2e57ad46e 20.64681224346161 0.8038712160587311 0.22475698179006576
5_11347c7e8bc5881775907ca70d2973a4 17.927209186553956 0.7451616764068604 0.2645891815423965
6_114f72b38dcabdf0823f29d871e57676 20.219457240104674 0.9102813770771027 0.11072588927298785
7_1157d8d6995da5c0290d57214c8512a4 24.11782602787018 0.9427208907604218 0.09687757568061352
8_1190af00b6c86c99c3bd24f986301745 21.899396471977234 0.8964498054981231 0.15089975176751613
9_11b7c86fc42306ec7e7e25239e7b8f85 21.54316877365112 0.827994078874588 0.23415674102306366
10_11d3fc4092e616a7a6fee8e2140acec9 21.68076741695404 0.9099037992954254 0.10402708484977484
11_11e28120789c20abc8687ff9b0b4e4ac 22.03064748287201 0.9374656872749328 0.10455143070220947
12_177849848dc83fb9cb85ba5866080618 20.029433550834657 0.9226510636806488 0.0917537457048893
13_182c47283b90d8b2d85934de5898f0b 22.500737719535827 0.8690515718460083 0.16662860161066056
14_195c379defdff8b81dff5c2e57ad46e 21.421175518035888 0.8540206170082092 0.18167656314373015
15_19a3ac2ec0312e13c8687ff9b0b4e4ac 26.115631408691407 0.953586377620697 0.07555796118080615
16_1ace72a88565df8e56bd8571ad86331a 20.78703929424286 0.860871277332306 0.13191830776631833
17_1be38f2624022098f71e06115e9c3b3e 25.573506422042847 0.9145162768363952 0.12052669408172369
18_1bf710535121b17cf453cc5da9731a22 26.367362241744996 0.9674308426380157 0.049896912500262264
19_1c2cad4df1697103a5139737ddc33fc8 27.880174293518067 0.953433315038681 0.08369929401576519
20_1c3f1a9cea91359c4c3e19c2c67c262f 18.842042140960693 0.7708603913784027 0.2248571465909481
21_1cf77ee00faa6de7fa6450cce25dc4cb 24.603312005996703 0.943726802110672 0.0782827811986208
22_1e3fba4500d20bb49b9f2eb77f5e247e 27.19405418395996 0.9667027478218079 0.06312746427953243
23_1eb2e372a204a61153baab6c8235f5db 23.18346396446228 0.9394981231689453 0.08915235560387373
24_1eb5613aa22df87b8ef9327f5d5c024d 19.926779379844664 0.772728845834732 0.24434636808931828
25_1ee30d218c8c730ecb01bc908e8cea6 30.959561080932616 0.979324512720108 0.05606269846111536
26_1eed5ebb2af372cb5438b83aba42ca46 20.1254083442688 0.8962296078205109 0.1266874406784773
27_1ef99f4e735ceabad97996b11dc03f35 24.626975955963136 0.9236635725498199 0.10451650078594685
28_1f0bfd529b33c045b84e887edbdca251 25.685368852615355 0.963468067407608 0.062306732919067145
29_1f1a9120cba6c1ce177b3ebe695b7c2f 18.13039325237274 0.8784009699821472 0.14263499867916107
30_1f343169e6948a2a5b7d8e48ecc58356 16.38188737869263 0.8024679553508759 0.227566133081913
31_1f576eefb36c3e189a6ba4499518ef95 19.593895082473754 0.8545160701274872 0.19364260113239287
32_1f8dde91813456e87e777e4db5dc272a 21.713425164222716 0.8955241463184357 0.1346601309776306
33_1fd7d0fe883059e355feea066cda8f9a 25.508220949172973 0.9270428473949432 0.11459356819093228
34_1fe0a612dfc3fc548be8b77157b819c9 22.545366196632386 0.9039538424015046 0.13232653883099557
35_2016d09b261b09f05413c1f22a911d58 20.193476686477663 0.8152468461990356 0.21619480904936791
36_2025aa3a71f3c468d16ba2cb1292d98a 27.102814865112304 0.9522354741096497 0.07951658438146114
37_2060f4d31feb73dd7762ba3a489df006 23.048846473693846 0.9075568261146545 0.12545774137973786
38_206dcd879e5c3fe8df4cfe396cee719e 21.23207875728607 0.8850088968276978 0.17908067017793655
39_20a128166fc9ac939240a35c2a5f105d 23.97351517677307 0.922126898765564 0.11345531206578016
40_20b36bbb42d36e0771dcb8deedb6c8d 19.570823512077332 0.8260607438087464 0.192571946144104
41_20ec9403d616f96ee6cfc789522bfbab 23.201754360198976 0.949202445268631 0.08362375676631928
42_212ad23c8afe1f9a9d297e74104d3ac3 19.7558207654953 0.8394130551815033 0.19065355098247527
43_212e266cab46f1dd5b903ba10d2ec446 25.140960340499877 0.9542918562889099 0.06260760045796633
44_2159af8011e13b81713decb1a0563b12 23.30710115432739 0.9396737501621246 0.09500998274236917
45_21a7166815b80f3f7fee47aa19e2e28c 23.570674114227295 0.9274634380340576 0.09282390262186527
46_21bc90d659dbe28a71aa44dea7a6d383 22.90354613304138 0.942877899646759 0.09188079784065485
47_21bfb150cfc23accb01c58badc8bbc39 21.14861523628235 0.9021765656471252 0.11937655381113291
48_22086876a4f3bba0504721639e19f609 21.88314096450806 0.917718775510788 0.0960224621295929
49_2249c62788a52c61613f0dbd986ed6f8 25.211830768585205 0.9221055092811584 0.11295323403179645
50_225891ce27478eec54e404e041bdecdd 18.727104773521422 0.8252551941871643 0.1995193519294262
51_226f096dbce49857bdfa5e0753fa3240 20.707070150375365 0.8929817655086517 0.13772556602954864
52_22b40d884de52ca3387379bbd607d69e 25.103965606689453 0.9364689626693725 0.08940414237231016
53_22cc9b68e67339738d2d730aebe7865d 21.149731740951538 0.8447291886806488 0.1829296758621931
54_23218bd682d522d19fb4103277a6b93 18.387781376838685 0.8280342955589295 0.21376321038603782
55_23299a939a6ecacda5817f81a1efa3cc 21.032418537139893 0.9277684035301208 0.08650704107433557
56_234f40c665976a51dc1e30a57aedbe31 17.183107485771178 0.827579288482666 0.22077317610383035
57_239bb149aa17d0ddc1c43efc967e5428 18.78938931941986 0.8858432743549347 0.121861508987844
58_239c363cbe7a650c8b1ad2cf16678177 24.065909032821654 0.9295948617458344 0.1142620081603527
59_23acbdfee13b407ce42d6c2ea750090e 16.59951892375946 0.840784738779068 0.19919933179020882
60_23babf1dd4209349def08b067722d9e5 24.377860689163207 0.9585494832992554 0.06380063553154469
61_241d81f586925ea0fbdebca9f6788597 20.34234525203705 0.8652590939998627 0.1344022686779499
62_24445a532ce3e18f7b5f4d129cc2873d 17.877008848190307 0.8533471841812134 0.15132798850536347
63_244eb71b1dd140dc6f64461f0eb7cd69 23.086955528259278 0.9332776226997376 0.09548072631657123
64_2463439444134401815b2b467e8e2eac 22.297175970077515 0.9053736493587494 0.1494280107617378
65_24b5aa5ca592ca5764945fb936667f89 22.49188729286194 0.8920209655761718 0.1303425856679678
66_24cd35785c38c6ccbdf89940ba47dea 18.00898482322693 0.8516775648593903 0.19748082277178763
67_2581685a8aeff78b713decb1a0563b12 20.67676938533783 0.8983661308288574 0.13507951260358095
68_25ad35439836dd7c8fc307d246c19849 20.400576539039612 0.8731527185440063 0.1760390206873417
69_25b55c1686d6114de0f3ac5d28aef4d9 24.240316677093507 0.9379238379001618 0.10896069391071797
70_265c564e26071961e27790b0ec8671f7 23.094199695587157 0.8575081799030304 0.1731011988222599
71_269539368eeb8ba95d99e410bbfdd132 19.884315257072448 0.8687366378307343 0.15323772984743117
72_26a5761e22185ab367d783b4714d4324 19.48351809501648 0.7815157182216644 0.2319126070290804
73_27923c3fde05f14b5ea23a116671b38c 23.73756613731384 0.9226631479263305 0.11780474390089511
74_280fe2696faf0f3a53e14f34c202d656 30.312889890670775 0.9751181111335755 0.05703836391866207
75_28fad854838ac444e9920dbaf13176cb 25.435797185897826 0.9641639680862427 0.07166578024625778
76_29483ee10e6c6e4c2c37553db37ec752 24.933597345352172 0.9519650566577912 0.07307457452267409
77_294f11afc4b60827d3ddd69b7fa8d158 24.11566644668579 0.9455729734897613 0.07227159521728754
78_2a1124c7deb11176af42602f1636bd9 19.239902291297913 0.8739503827095032 0.17513840767741204
79_2a643eaf143a779f7eeca6709b6a824e 19.415546073913575 0.8406840476989746 0.20557635653018952
80_2aa2d2bb646fdc511b7ca0421af5a45e 23.682622261047364 0.9336434195041656 0.09823471888899803
81_2acc2a87aef7cc559ca96b2737246fca 25.734858961105346 0.9648095526695252 0.058133197862654924
82_2afa06a01a0a15fc504721639e19f609 20.51319502353668 0.8725843324661254 0.1703751051723957
83_2b4f2fc77c47056eaefb25a27e962525 17.680215044021608 0.8765418202877044 0.1844249148517847
84_2b6c09e26719b256c5facc3cc8dc041e 20.19885434627533 0.8888747460842132 0.1180613651573658
85_2bcf0b0586570ffe6c63b8b48495261a 26.77539505958557 0.9665788974761963 0.06164654943346977
86_2bfa0be90c15bfa0b82cf928f6ed5338 22.163242206573486 0.9026549925804138 0.12438759500533342
87_2c251c2c49aaffd54b3c42e318f3affc 26.146503114700316 0.9556118865013122 0.06393593604117633
88_2c4e9d34472b4bccc16f7010a3b8fdee 23.881940755844116 0.9466513860225677 0.0872997273877263
89_2c5e32bb738a5306e27790b0ec8671f7 22.15157708644867 0.903960887670517 0.1252044888958335
90_2c7d258bd18de1c28f7b968097bdb0fd 26.576823625564575 0.948394008398056 0.08642260241508484
91_2d0344ee62954b0afc4743bde9e89079 25.124799065589905 0.9452416851520539 0.08736840470135213
92_2de1bd62aef66dc9bf65e1af50b5b7d4 26.04902286529541 0.9662554824352264 0.06020979336649179
93_2ed3b981a9827fb0392642605da2a1e7 20.935512561798095 0.9137397105693817 0.10703962023556232
94_2fc6eef6605be9a4550584dfc8970d11 22.286246519088746 0.9370111060142517 0.07408909770846367
95_3022c71659584118c62a9d560fc45fe6 23.266456656455993 0.9221847777366639 0.09861207827925682
96_308ba1f8c1eed4fbbf80985a99195eb8 26.738450202941895 0.9585913169384003 0.07147426203638316
97_30ba0d3e750dd7e0876b399a99a15c0f 23.604682302474977 0.9193630228042603 0.09484406888484954
98_30cd71fcd7616421177b96a1e00762c3 24.65476823806763 0.9575398313999176 0.08100656762719155
99_313bfbd7bc2d516e14d782de5388fe8c 23.911218576431274 0.9332398936748505 0.09803757891058922
100_314f567d460a88c7ad02e4a3aca566f 20.06504045009613 0.7912076754570008 0.2157598094046116
101_320b6f3ae2893d3c9f5d3fd8c90b27d2 25.298095903396607 0.9522119476795197 0.0968835005685687
102_32303484de7f1998f8d44451ec1ac05 15.112759113311768 0.7148820841312409 0.2722458978295326
103_326352f7a20c31e2e19a0cc107ada7cd 19.337977294921874 0.8250745396614074 0.23097405713796615
104_326f74afbed5d727da8b0c70313fbbae 24.367070903778075 0.949908284664154 0.08568385414779187
105_3289bcc9bf8f5dab48d8ff57878739ca 18.263177967071535 0.8603129887580871 0.15959990190714599
106_32a9329c11b5c35d4b3c42e318f3affc 20.062937502861022 0.7911056373119354 0.22165074798464776
107_32c35f86754c0b4847307542345b60c 27.167375535964965 0.9616829435825348 0.06341550889611244
108_32d9f69ef8ebb1778a514cac7cb18507 25.287035331726074 0.9464674596786499 0.07567526160180568
109_331f49270df51b2e5bfcb9d3e84d74f0 21.52338864326477 0.8932185237407684 0.12829558949917555
110_33442081ed6e32c4504af6e1321617aa 20.292610201835632 0.8426659045219421 0.19036261051893233
111_33617cc89afcf169e6543556f230fe9c 23.256571831703187 0.9447811369895935 0.0964194344431162
112_3372fd42f389a36a762ec387b772e9e1 22.440376300811767 0.9292610838413239 0.08711684168875218
113_33774f1314ea9b504b3c42e318f3affc 18.51616623878479 0.8168890697956085 0.19581726279854775
114_33990ef5ffde80fa83bc207d8a5912e3 27.94238726615906 0.9719787514209748 0.06185717997699976
115_33d8a82696afadcbc3e3d5df2a6ddacc 15.571416020393372 0.7868830904960632 0.21703354269266129
116_341bcae1e7f366a233d93f57729688db 14.542880082130432 0.7330925498008728 0.2616150807738304
117_341e24df542e0676d42b9650f19dd425 20.98082564353943 0.8952412626743317 0.1187863583266735
118_3452faac2f4ef4d1f89f4ae158f2441 26.77138256072998 0.9675464987754822 0.06866491520404816
119_34722e50142652e53a5e6305a3a7adee 19.60084945201874 0.8830766272544861 0.1391057307422161
120_36843ea8984df5a63719086e0b4ab8be 24.411776909828188 0.9319697875976563 0.10220943851768971
121_36a2d17d63dc83f983c05814b11dc86 26.659830379486085 0.9426209216117859 0.09643246901035309
122_36f85b1709a62c406daafc9da8386a39 23.90461290359497 0.9451441190242768 0.078703607827425
123_372118e3595c328c713decb1a0563b12 24.21115266799927 0.9243935625553131 0.10904240074753761
124_374b3757a04c6ab6b9569033586af233 17.733277444839477 0.797744042634964 0.21930097016692163
125_37aa434da4ef00038b424343280aeccb 25.501618013381957 0.9502617347240448 0.08023678834736347
126_38201114b7f2c48d6c63709946cf3bde 19.54909423828125 0.8441842188835144 0.1880305834263563
127_38279fe5f442d95f458feb88086a534 21.020643191337584 0.8504100842475891 0.18318188068270683
128_388ffdd2dd3c0dc0780672cae8ec94c 25.48953158378601 0.9350959389209748 0.09717806354165077
129_3968956c7bccc24c203eb08a0c3b4355 19.851731972694395 0.7885577590465546 0.23185343125462532
130_39ba09c13d784741dcfbbf65ff959eb1 17.04851731300354 0.8239693400859833 0.2147791001647711
131_39de90c34ab1dd3f327289c00b6dc9ca 22.931281142234802 0.9203492448329925 0.10754772948473693
132_39fb5d3f557f64d4389f9a01d027a78 28.043362646102906 0.9567158646583557 0.09164286538958549
133_3a141cf2f22fed0ffebad4f49b26ec52 23.617385940551756 0.9336812009811402 0.08222313102334738
134_3ae4d69fc1f9b15d2f008cb82e08f24e 21.728974180221556 0.9094770138263703 0.1124895698428154
135_3aee7c282063723d8a17805dbfb751e2 21.423370904922486 0.8769941530227661 0.16044822201132775
136_3b0ec945e7290c3a6a0677e97a0ab6ed 21.020577425956727 0.8509068450927735 0.15799920159578323
137_3c363c3a75aa1daee8f8c11a24c52ebb 19.03229923248291 0.8247346642017365 0.18463410326838495
138_3cc6485ab499244360b0434449421de1 27.184658250808717 0.949653923034668 0.0863391293734312
139_3d390c6f1051295d9501f2fa226917d0 24.510763773918153 0.9370990176200866 0.10315088029205799
140_3d442388af50f61138ae3771b1788e76 25.869734258651732 0.9457433519363403 0.0847983676493168
141_3d703ecc2358ea0ff51f77a6d7299806 21.04321312904358 0.9132468049526214 0.09456533102691174
142_3d800711f41284b519fb4103277a6b93 20.605229506492616 0.8964677948951721 0.17392917814850808
143_3e08f5809c2abe523ebc93db58e716e 18.565203852653504 0.8199381868839264 0.1953134880065918
144_3e28e0f5ca5e03df73227452e5016b6f 19.69187958717346 0.8811075904369354 0.14489520741999148
145_3eef51c1ba49a32ef73a9267136cfb76 22.17573657989502 0.891983484506607 0.13081505161523818
146_3f7417590f1bcfded5c89ecb06d1099b 25.862200374603272 0.9627965378761292 0.07199727049469948
147_3f95c370fb3871621f98c0761af40e04 24.64837007522583 0.9338268098831177 0.0874860349074006
148_3fabddc7c0fa27f92bdc75f1ee88d8e0 19.509459323883057 0.8451542258262634 0.18010083658993245
149_3fc1e991fee82e42713decb1a0563b12 25.179836912155153 0.9396531276702881 0.09569352152943611
150_4003f4046a3a5ed9297936c81e7f6629 24.918724956512452 0.9403351700305939 0.09630157536268234
151_4011b7d293cbeae11890f3b4ec900fa 23.552900557518004 0.9270180809497833 0.12370527030527592
152_40ee8ed17f6ea51224669056e0d19a1 24.610080108642578 0.9309088788032531 0.09683492551743984
153_41660fd9cba4d5b72f4413c96d686e51 20.232006216049193 0.9049817111492157 0.12329202765226364
154_4178fab56c04a32ae8f8c11a24c52ebb 19.4174081659317 0.8647440662384033 0.13284553421288728
155_41852b57b492559eb36178084a593098 18.763246269226073 0.850258837223053 0.16571288403868675
156_41ef5dfaee26499afe0dc3bdfa883025 24.415269331932066 0.9573649303913117 0.0673261653855443
157_41fead15a9ade0f090492b0341436fe0 25.53978970527649 0.9448250529766082 0.08273700872063637
158_42711692db3647394b3c42e318f3affc 18.94548405647278 0.831136575460434 0.222025500446558
159_429319c0c5bddfccd26c2593d1870bdb 19.009143171310424 0.8942970564365387 0.13300268632173537
160_42ceba8e460de1de820898ba01899de3 22.39579469680786 0.9111912190914154 0.10611128009855747
161_4304100faeef130337f67f4322e8d3d0 20.734568576812745 0.9192016234397888 0.09971361695230008
162_431ca0621cab1313b0204d9cc6bc8619 24.65184473991394 0.9521203045845031 0.07375454151630402
163_4356ef46fbc859a0b1f04c301b6ccc90 21.636607327461242 0.88630535197258 0.13269311687350274
164_44aed693950b077d4f9691cdd5f8749 22.11729504108429 0.8920096142292022 0.13685710145533084
165_450d40600ed92c7de9ad5e44c87685c0 23.049965376853944 0.9147530024051667 0.1131763211786747
166_457aed734b0a8619ff6d40d828e0167c 27.28700096130371 0.9654514966011047 0.06750550461560488
167_45828c176099f3c3d2f92ecc75b4cb66 20.880351305007935 0.819825757265091 0.21042065033316612
168_45a0b8c6923f587e694253b740159af8 23.45323564529419 0.9114619898796081 0.12668746398389338
169_4602fbcc465603882aca5d156344f8d3 14.018984112739563 0.8121482274532318 0.20149652895331382
170_465c2cc6917e02fec681404257d94ad9 18.3429159784317 0.8220964407920838 0.22798816558718682
171_46743849f0b01b1ca72559fc4f86f700 22.465196704864503 0.9161978805065155 0.12027983596920967
172_469597794b28bb2bae5a95f4529b204a 18.868375453948975 0.8697893164157867 0.1614040675163269
173_46e1939ce6ee14d6a4689f3cf5c22e6 24.289182171821594 0.9488583207130432 0.08747926679998637
174_475cf49d3764f04ecc8bd7a04c9659f1 21.78222981452942 0.9162577967643738 0.11005155417323112
175_47a707b2804cc98f1a3c0af5880f464 24.023521308898925 0.9245277669429779 0.10111676928400994
176_47c33af88f4926676213fd2f62884e62 23.420206828117372 0.9254834172725678 0.0996275317966938
177_48429b3467c7185060fcaed6cc231482 27.70203130722046 0.9703585193157196 0.06765342014282942
178_488041c2e021e8e87b11ae648ea92233 24.29261284351349 0.9396778547763824 0.08396378807723522
179_48ae43c032e9f89737f67f4322e8d3d0 18.549633164405822 0.8591155388355255 0.1579138627126813
180_48fe63616e70f84778ae896933c670d1 17.65343322277069 0.8093842709064484 0.20571721759438516
181_490cc736a3ffc2a9c8687ff9b0b4e4ac 22.75944749355316 0.9275119750499725 0.09279543425142765
182_493b8b8eac5d3de978f8b40f4a2ae98a 24.76857286453247 0.9568911509513855 0.07249053317308427
183_49748c9b987b6bc8dbd60fb6b8607ea6 25.51834147453308 0.9682417232990265 0.05963602083921433
184_49e8ef75b5ca2a7c699012d4a63c792f 24.51178151130676 0.8888618488311768 0.15131423643231393
185_4a45b026317349130e916fac260c672 18.81132647514343 0.8421994240283966 0.1611592840999365
186_4a783b2ae8fba8b29dcf2183c858e6e5 23.1797297000885 0.8804738249778747 0.1434357214719057
187_4af5131ebc2ffc25ec7cbf3284585a40 21.72087588787079 0.8606762163639069 0.17846708276867868
188_4b4773ef582c002b5bfd842976fb7956 21.968679881095888 0.917987640619278 0.11851615956425667
189_4b7f260d832c2776a7b43f93c63d6e63 22.916132249832152 0.9487381994724273 0.08310812939703464
190_4bb5877100a76cf5bee7d080c8f1e1fd 24.037876138687135 0.9174009432792664 0.12833494192361833
191_4bc5920f74bbf6412acd2bb6205825cb 25.520273818969727 0.9490046074390411 0.08014451292902232
192_4e15234057b863dc659dda512294c744 23.12640286445618 0.9397209942340851 0.0706031179279089
193_4e3047842ba1a384d2b12aa6a0f050b3 19.531619443893433 0.8540257785320282 0.21675443440675735
194_4e5e8af0880b0d98febad4f49b26ec52 21.898284640312195 0.9373548300266266 0.0816766746751964
195_4e8d4cffee2c4361c612776a678dd571 14.858980584144593 0.7833726596832276 0.23221712651848794
196_4e9d664144f4249d8957917d005717e7 23.835966501235962 0.9298805010318756 0.12876918068528176
197_4eeef58f4015cf74d93768e7b9b1eabf 25.507535610198975 0.9521663310527801 0.06951037982851267
198_4f1e026bc520de13d66f9962327b4367 20.400913486480714 0.8263191993236542 0.21882572183012963
199_4f42be4dd95e5e0c76e9713f57a5fcb6 25.162119550704958 0.9579366986751556 0.06012768093496561
200_5042005e178d164481d0f12b8bf5c990 29.723287677764894 0.9710789353847503 0.07216739127784967
201_5067a76bac4fd7892665f68ebc337f05 20.940830869674684 0.8222721159458161 0.2067138836979866
202_511a03618c9bf2e7fa762d956b3074e4 21.93382881164551 0.9208115618228913 0.09529117898643016
203_5142e809212f8c314500047017815f5f 21.861284499168395 0.8946384720802307 0.14199316024780273
204_51670c355ece91abe24f4cc9bc86052a 23.670745248794557 0.9398743166923523 0.09092067712545394
205_51733b725532817ac8687ff9b0b4e4ac 20.08053258419037 0.9056314313411713 0.13069684202969073
206_518c58b170bf5847ff2c92c2a4f65876 19.57928035259247 0.8749929668903351 0.18723160377144812
207_51aa5f1157cd456f9f9dd9e7d6540d50 23.920625653266907 0.8767453458309173 0.16848902985453607
208_51c276e96ac4c04ebe67d9b32c3ddf8 22.91049301147461 0.9509826114177704 0.07571652287617325
209_524e4a1041ae53154b3c42e318f3affc 21.087141909599303 0.8713236062526702 0.17150912964344026
210_52a7930e87e75591a78e44eefea09073 26.26202471733093 0.9558600201606751 0.08289792037010194
211_5390dede41d523f71a782a4379556c7 26.022993545532227 0.9350779328346253 0.0900611227825284
212_539dd50ce4d5fd97febad4f49b26ec52 21.2905743598938 0.8948890743255615 0.11204983995854854
213_53eaa7cca72c84f6cacd67ce2c72c02e 20.485004167556763 0.907720938205719 0.11742609841376543
214_541746ddb47aa2af4e186c8346f12e6 22.09187747478485 0.9236007897853852 0.10641211303323507
215_5457691268846b073ca87feffb4fd9a0 24.838435173034668 0.9612984457015992 0.06890296313166619
216_5482bda23163df4f30e916fac260c672 23.119555206298827 0.9426829762458802 0.07777435135096311
217_55dadd6acaa2a0c0dab72035db8eafd 22.698290829658507 0.9277559208869934 0.10965730872750282
218_568050037ad958625ea33df4b8846880 26.768600721359253 0.9573603434562683 0.07245814107358456
219_56bd6bcf5034c7e2f9b9977a2406713a 20.157088570594787 0.8531983556747437 0.18592343494296074
220_57285ae595c5cc67eea9006d9d8918a7 25.285043439865113 0.9596351637840271 0.06809562481194735
221_57b4898f5b94a5a89d297e74104d3ac3 20.241516308784483 0.8312075142860412 0.19693020793795585
222_584ab19b5df1fe697daabf84de73fb1d 22.588020067214966 0.9388993027210235 0.10393464792519808
223_58616932b0e7ab6d78b03575bb54dfd4 23.205694847106933 0.9478680963516235 0.0706018292605877
224_587d174c5f2b19c1d7e48afa5cc5db41 25.691249198913575 0.9457363276481628 0.0727765039652586
225_588ca1d34f93eddd8ee30571b0da74e4 24.025401973724364 0.9408510329723359 0.09321428307890892
226_58a7b826ed562b7bb0957d845ac33749 17.766380467414855 0.8204705038070679 0.1888074104934931
227_58e6fa617a1bed1a20b64028d2efc877 26.486288232803346 0.9671083750724793 0.05841083787381649
228_59ca6d57ddd091c26eda1c7568601317 17.813521819114683 0.8432584443092346 0.19827683162689208
229_5a871d6613216ecebda72093f9b5aa73 20.825842337608336 0.8394408044815064 0.1539664339348674
230_5ab321d70991c94d780bc2708a85ba9a 21.46404231071472 0.8269810087680817 0.23496540647745132
231_5aea2a227125a81bccda8d28b44378b7 25.7822531414032 0.9556520149707795 0.0662599431425333
232_5b0e833cf2ea465e42bd82e95587d8af 27.082526140213012 0.9592308523654938 0.07220554682612419
233_5b1d0dad82acd6e5893104fdda835c64 24.075694513320922 0.9372485573291779 0.09566393113136291
234_5c1c5dd72247cb6526428c7519676cd8 29.442609634399414 0.9707262353897095 0.054729125771671536
235_5c660775f1c7b202855c835f93769fb8 25.11981908798218 0.9521657800674439 0.06885438381880522
236_5cbd738436d0523d6996454765a52e50 21.07464831829071 0.8960891380310059 0.13907378531992434
237_5e338c489e940ab73aab636b8c7f0dd2 26.68028000831604 0.9567580888271332 0.06794522841274739
238_5e598a82d584211d2681d406cc3868fb 29.686041479110717 0.9746560559272767 0.06634440590441228
239_5f06664b4eb0af4c352fc7e973ba7787 17.939786977767945 0.795654911518097 0.20711718091368675
240_5f2d4c625595dc2499b025797420aa58 23.13560900211334 0.9140407056808472 0.14935190211236476
241_5f5cb0520b70efce750821560ab1d243 18.404777059555055 0.8613448171615601 0.1641930483430624
242_5f7152813631754bba07a29886846807 19.828637704849243 0.8495440256595611 0.1854277993440628
243_5f9fd9bf28da76ebed2eab6efdeec5f8 23.802792263031005 0.9565503599643708 0.07927459533512592
244_60186a5e4e1aee8daf8fee88d245152b 25.226229887008667 0.9621011745929718 0.07018736845999957
245_602ada3b41238c77b87028a4b477349f 25.44850905418396 0.9462364146709442 0.08365853761136532
246_605ebc9107c71d54d8f5adb469ca89d3 15.501228895187378 0.7712549724578858 0.25341114175319673
247_608b46b0f8f9eba81b1a986f753a489b 20.704613790512084 0.8510653893947602 0.17356056010723114
248_60cbca441e3f062444ac83b3e97ad658 19.82601965904236 0.8665449397563935 0.19756155827641486
249_60e36f3ad1dad5cf71f761119ebf0b45 26.035883054733276 0.9368548073768616 0.0945004132091999
250_610ea34f683eaad58cbb8bac2032149c 23.557688903808593 0.9315770099163055 0.09197924872487784
251_631807f69f02f1785532b747eb9b3728 18.95027880191803 0.8339424393177033 0.22282806605100633
252_63e184952df0f3698f5bccb3529a48d 20.2404053068161 0.8911668965816498 0.17490359456837176
253_6434921f88bd48deb0957d845ac33749 19.34568784236908 0.858730400800705 0.1574029493033886
254_6446846bd5cc3cef5b4aea6c98f52b6e 18.967598128318787 0.8893771438598633 0.1424012068659067
255_64d5bd4a6af3da16327289c00b6dc9ca 23.09012715816498 0.9097308285236358 0.12175107976794243
256_64ead031d2b04ef0504721639e19f609 27.505602741241454 0.8867438640594483 0.14169177873432637
257_64f885f39752807c6c63b8b48495261a 14.348981156349183 0.730128725528717 0.2650742457360029
258_6534de9a07438b52ee3907b60a74e8f8 25.585438804626463 0.9425599288940429 0.08051346043497323
259_65da0b239837b0f3f3ee5e8ea028d6 19.269906997680664 0.9027330558300019 0.12094339446723461
260_66654548053c709ac3bd24f986301745 21.517924995422362 0.8876938669681549 0.12854989057779312
261_6697a325ee92e17695e321e9c6480 19.3804962682724 0.8531674196720124 0.17798613591492177
262_66b5fd596ac18aa79c1db271ad9472a7 22.44548761844635 0.9366056954860688 0.08876726392656564
263_66c9a5aa7b4e528a290d57214c8512a4 25.288802943229676 0.950433091878891 0.08615035620331764
264_66e1329d6098499382e4e6b3ab10271 22.57580543041229 0.9359279792308808 0.1080297634601593
265_67017c046fee2900d09b414c3d8c49bc 18.734611496925353 0.7570253138542176 0.2509763102531433
266_672a6459e7606b23532a8e162f399205 23.168666286468508 0.940711163520813 0.08273626706749201
267_677846a1d3777e90ffb9df6156f4114e 27.576877393722533 0.9649338665008544 0.06268469006568193
268_67c866143e633daaa6fee8e2140acec9 22.700428371429442 0.9115299043655396 0.10128621420264244
269_67e6503e7ab7e666e45ef4135c266a12 25.653790769577025 0.944588650226593 0.07617745589464903
270_6831b0aaec44c01f5d0b6dbf2c4992eb 29.744389390945436 0.9724311692714691 0.06862609419226647
271_6895e7aa3c739623927045b355fe1fe3 22.702267141342162 0.9084285771846772 0.12018780323863029
272_68af43642fa145115029039df67c2549 24.935793781280516 0.9548713579177857 0.07605903449654579
273_68c7f82dd1e1634d9338458f802f5ad7 24.933923864364623 0.9402646698951721 0.09391726972907781
274_696bafb55dc14fa4638f48a6603fb3ff 22.090364742279053 0.9316944193840027 0.09458115649968386
275_6a6f0168ce551ebf40d341bbe0ce6dc3 21.40699444770813 0.8908627836704254 0.1435124858468771
276_6a8f1dd7e0642ca4b367a648e9b173ab 25.326973390579223 0.9441314480304718 0.08697746408730746
277_6abacfbb354818b1adda578d985c7034 22.209024639129638 0.9161006801128387 0.11227221210300922
278_6b5edd2c4df6e85cf9b9977a2406713a 20.778160133361816 0.9001427407264709 0.14229105630517005
279_6b74546be8d42c76b035d20a1a3ca345 25.26039375305176 0.9499816820621491 0.07368026693165303
280_6bcba04c2e45150779368d1198f406e7 21.999372391700746 0.8916938161849975 0.1362195062339306
281_6c25a321d75405aafdef1c01cbd4ae0c 22.614430122375488 0.9080668940544129 0.11552563166618347
282_6cc771aa1a807dea19fb4103277a6b93 20.13083014011383 0.8619295053482056 0.1678049589022994
283_6d3081bce72521e088e9c1fdc7b9075c 24.10471237182617 0.9477888174057006 0.08128489708900452
284_6d5207270292fa01c914a9f52c152c86 22.981437845230104 0.9193587222099304 0.12889742309600113
285_6d63b89b904264a15fc64c97c5117aac 15.570033793449403 0.8468654198646546 0.19106300938129425
286_6dfa9675d27b5fc134f6a34e269f5ec1 21.9481556558609 0.9069870653152465 0.1184582817479968
287_6ed05dd2e39e06223b12a1486cdc4b7 27.666360177993774 0.9671305627822876 0.06012239384651184
288_6f0def5e832f3614c01e0156f398b4d2 19.863492078781128 0.8957384867668152 0.14657653890550137
289_6ffbc6f14a7257caffa41024c63fa9db 27.92433198928833 0.9650368890762329 0.060587130434811114
290_713d651528ade2516bbe7b731c00d0e5 21.58064109802246 0.8651805562973023 0.1903071328997612
291_728fb292d234b43d49a71f577ceadcf5 16.365830903053283 0.7374000713825226 0.28054844635725024
292_72a86c2fc8d5cb3713d2510999d0f1d2 23.581914348602297 0.9174676847457885 0.10513921515643597
293_72fd9c2f47db23987f377effd1f7ba9e 22.471912360191347 0.9299146790504456 0.09813254371285439
294_736ef1325209503533d93f57729688db 21.657051315307616 0.9004190526008606 0.11109715174883604
295_747667ef89d03f0dc79b7c4f72055bcf 21.625191287994383 0.9298974356651306 0.09917497043311596
296_74a8078a8e89872780360680c1602c7d 20.47865086555481 0.8828317716121673 0.1322957779020071
297_74bde5a0a8927f816e107e0a7fbbb723 15.0179327917099 0.7535767769813537 0.25384268367290497
298_753c5b7f6ee56a77d73237b8afc2f0a9 18.84639890193939 0.8670534996986389 0.1742481116056442
299_7553af75b08b6a87eaac479593c9ad1a 27.864668769836427 0.9506255323886872 0.09911032405495644
300_758a68f80f0754f14a8a0ee8b17f83bc 15.927564783096313 0.7915203614234925 0.1880429624915123
301_75b1bcb68c8344261a648655355dc699 20.13890434741974 0.8417223432064056 0.18076088103652
302_75d3fc4649a63ac13efeda73d60343e4 19.88537518978119 0.9259712109565735 0.10826148649305105
303_75f32479a35f39e9f43d965e3ff9c5b6 18.423812923431395 0.8770835270881653 0.15652752158045768
304_762e86b38d1428fe78e6c2bcdf90770f 19.312304062843324 0.8661723983287811 0.14510954716801644
305_7644e30dc0d88481a3d974b4624d6717 23.501633214950562 0.8828760600090027 0.1701973603069782
306_76710f51915396e0327289c00b6dc9ca 23.569030618667604 0.9253809905052185 0.08663514294475318
307_7729a6ad96985f4ed1ccbd5d84e5bc86 23.676980838775634 0.9362113857269287 0.08852803885191679
308_7772a25ce35049881dff5c2e57ad46e 23.209176573753357 0.9107940604686737 0.12804313293099404
309_77c02e92d5628be59db8ad97fd392b59 24.447161784172057 0.9275923495292664 0.10201509448885918
310_77cf4ff8297014faa6fee8e2140acec9 23.660506267547607 0.9290133142471313 0.084127167776227
311_780809a0d1b68f4a8ef4ac3a24abb05b 25.579231548309327 0.952364001750946 0.08560326042771339
312_781677297ef4db1ab0b54dd2cf2a35d4 23.18304846763611 0.9309715116024018 0.09989619536697865
313_786c20111b691c152b4875f731f71cd 22.28802867412567 0.8936362309455872 0.12569550217688083
314_78bb9f39d4251624a502e035aafd3af8 20.511432161331175 0.8063324601650238 0.22181549882888793
315_78f722590b0885a61efc6aa41666df08 23.719122495651245 0.9380939388275147 0.10955562029778958
316_79030f846b4dee0f9d709998b2d6e774 17.652639026641847 0.8315778784751892 0.22183479779958726
317_79862d8abd869cf6b3a8888e78d004b3 18.969599356651305 0.7763187594413757 0.22123438788950442
318_798fc5fd5faf3a0580067e3fdc6db24c 23.263146305084227 0.920013430595398 0.12093531566858291
319_79d5977609f99087473f10e6caaeca56 18.482290034294127 0.8171366662979126 0.2529572685956955
320_7a5d539e3771a491ca6a405498436716 29.540327768325806 0.9669136056900024 0.08124733184278012
321_7a9969fac794484c327289c00b6dc9ca 21.935383558273315 0.9153359866142273 0.1040433364585042
322_7aea8e52f24cd40c496c9cdc8d0a8c08 24.290970516204833 0.9479914095401764 0.08525023975968361
323_7e7f1989e852eb41352fc7e973ba7787 23.501316394805908 0.9207765572071075 0.10357574854791164
324_7eb842de7ad4cbad3e329950ec40f6dd 20.40683994293213 0.8835619432926178 0.1396809874624014
325_7f70642500b9a3ce45881d7eab1353ba 24.321922922134398 0.9402579309940338 0.06746349357068539
326_7fb75b03d3ccd58c4710269d4bc18736 24.02115694999695 0.9325256776809693 0.09364052160084248
327_7fc00af759f4382c48d90eef8384210 23.69435727119446 0.9403860778808594 0.07991588681936264
328_800dd8ed32104151a37f3fc191551700 22.368100275993346 0.9288732526302338 0.10425535030663013
329_804c35699b163b7756bc5724b6282816 26.82386121749878 0.9594092836380005 0.06787232127040625
330_80544a1e0e443c7d5438b83aba42ca46 18.595290455818176 0.838059553861618 0.18787040418386458
331_80f96250bed47b4f52e9aa88ca53e944 25.114722032546997 0.9585431153774262 0.06736617413163185
332_81158ce36c90c319740641939c9d6dc9 23.177608442306518 0.9415935122966766 0.0888381800726056
333_85f56a4d68ff8d75c3bd24f986301745 22.686236715316774 0.9057497699260711 0.1460523171275854
334_866aa287bde4cff9bfd324d8acaeb3f2 24.121162509918214 0.9386390428543091 0.09919880110025406
335_8709db708ec617ec8b5d4279936d177a 21.92905779838562 0.9288992528915405 0.10567430818080902
336_8754831d577cca437c23ad67f25bcfd0 25.528834066390992 0.9673865060806275 0.06351207758486271
337_879ffa2150c4537d6afcce3b00733da 20.57703564167023 0.8390532281398774 0.20081599088013172
338_87de70c9f96dc7edf5fc96890ba7d316 17.94489733695984 0.8614657816886901 0.1523105809688568
339_882f30dfcc94ccb5ee57043a0b4866cc 23.274285163879394 0.9439368574619293 0.10000877298414707
340_885c83345016a120c02b229e9105ae6d 24.272963523864746 0.9557225587368011 0.07891463889181614
341_89133468bce0e63f8101accd22c701b9 20.279212946891786 0.8630986776351929 0.14643200494349004
342_891f1cd440afa11517b431cae0dd70ed 23.74239287376404 0.9238115005493164 0.10045429150015116
343_89dba482df6fd02732e2044f695909a 24.379747281074525 0.9516160387992859 0.08010667801648379
344_8a21b853c8de77f0c8687ff9b0b4e4ac 18.985297532081603 0.8791524028778076 0.14574057498574258
345_8a53c692453e7565c1fa182c22e95706 18.942229523658753 0.8372750918865204 0.1834932161718607
346_8af802214afcb014bd15bdbf03199e85 23.01506402492523 0.9345861504077911 0.1021452948898077
347_8b0174afa05ed3c2dcadbd99efe6967 25.12899062156677 0.9560101370811462 0.07821854351460934
348_8b1af8f7f37c36bb4368753867df1156 17.91983323097229 0.7955348656177521 0.2733013115376234
349_8b52303e5ee47ac617ffa9a4ab48724c 17.956939458847046 0.8089477968215942 0.24869188112020493
350_8c7d2eab593269f8607566378b3d8827 21.83468677043915 0.932368601322174 0.09153765514492988
351_8d80cc5cdafc4b8929e17f7efc5a2421 23.22177451610565 0.942153892993927 0.07751298918575049
352_8da6959dc59296c9f2f43e6f841bd32b 23.571399545669557 0.9197873766422272 0.1162242920100689
353_8e1f9f4e3cd226bacb916d8f4f1ff996 19.3006560754776 0.8550872085094452 0.15212205199897288
354_8e4269ac16e13433d701c68e1045b606 17.655427350997925 0.8359620082378387 0.19182782618701458
355_8e6dcb9b3eadaf9ead885ade4bf3150c 18.011123914718628 0.8948541164398194 0.14591280431300402
356_8fcff2582b55291389e2d345fb844f4b 19.203295488357544 0.7955776033401489 0.222110784009099
357_90129d2f4a5cb57799982a4d6320875e 23.469723138809204 0.9345997395515442 0.10196283350884915
358_90500d52ac30dca9f51f77a6d7299806 25.278528995513916 0.9484776289463043 0.07814539821445941
359_90cae938e34b11a429823c412ca4576c 23.909754695892335 0.9516997745037079 0.06969899563491344
360_90dddd5e4aa586bf14513156cf2b8d0d 22.910694742202757 0.9441943752765656 0.08523077392578125
361_91283b7062407b7381806e3880250dff 20.8244651222229 0.902017814874649 0.1395260104686022
362_91cd85647eef236490e75b1cd0f0169 20.679796795845032 0.8938707993030548 0.12387459142506123
363_92b332233da033e71d022067655f6c16 26.704290018081664 0.9718335273265839 0.05211419861763716
364_92cae2e67b788eaa9dcc460592c0e125 25.269815130233766 0.9612198898792267 0.060065115906298164
365_935093c683edbf2087946594df4e196c 25.94319354057312 0.9520024645328522 0.0658710545822978
366_93bb03379efddea148bc9dfced4f8d35 19.76362587451935 0.880192084312439 0.16263396063447
367_953a46766108d4e01f60a203be892cf2 20.983219299316406 0.8619642405509949 0.16188016913831235
368_95f8a62c031dbb8ff0f455e219813ed7 22.148266987800596 0.9274650526046753 0.10185694554448128
369_9635dbdc4e34b7efffcd08faf4fccd0f 26.906269159317016 0.9298987598419189 0.10094261606782674
370_969375970515e5f6492d9da2668ec34c 21.91969922542572 0.9110430097579956 0.11975415277481079
371_96cb0c919d3f379dd0a96520c31993ad 23.64371962070465 0.9354620566368103 0.09431347325444221
372_96d9944f46bd330979414e04132a8bef 21.973250107765196 0.9222528693675995 0.10148117560893297
373_97396529412ab7602f81cb887dc35578 23.06060697555542 0.942189548254013 0.08557224830985069
374_976f1a2aa3224af329d2a9b1cf0c2446 28.583493518829346 0.9556070404052734 0.0971063102632761
375_9795162b409011c2a6fee8e2140acec9 23.442157163619996 0.9266584572792054 0.08654401883482933
376_9841030f427150567dbe6b236c44c533 23.96377986907959 0.951345139503479 0.07234239954501391
377_987122b945dcf1fef713f414dfd3c16 26.36873272895813 0.9505685024261474 0.08203957562148571
378_98d1fb12c3354d341e67ee2399c63faa 24.461700077056886 0.9591850943565369 0.07501884909719228
379_98ee09de954fdab1843ead12644a79bb 18.707476487159727 0.8724170014858246 0.14464365485310554
380_99848304f52de660a26aea0642029fc 24.063100214004518 0.9548380312919617 0.08108919306099414
381_99996ded94b8bf974cddca4ca9fe5080 22.466300916671752 0.9227291121482849 0.091174092002213
382_99e2f8ae1bef62dcb74c46f4848028ad 24.936424055099486 0.9602768261432648 0.06977168511599302
383_9a522f446662bd23a07a1bace8cff15c 23.518963041305543 0.9243167495727539 0.0871552656814456
384_9b27e1b557a5e499b01c58badc8bbc39 17.16351361274719 0.7813563134670257 0.22037564864754677
385_9b94592fe0fdcc34492d9da2668ec34c 25.075114612579345 0.9169143612384796 0.10421205054223537
386_9bbccaed652a88d0ad4feb1e0e9b77d9 26.108727741241456 0.9495895338058472 0.07791366451978683
387_9c7a028edc97dcbc3012f749207726db 24.125992889404298 0.926440991640091 0.10874338577687741
388_9d7a3b2b7dad91fd611b2c263b5df599 24.870831069946288 0.9632610704898834 0.06759149082005024
389_9dad5d3a04753f69febad4f49b26ec52 24.792795696258544 0.943778184890747 0.07882179103046656
390_9dc1371b6989479c9c0ca344f487323e 21.400284571647646 0.9208748781681061 0.11185680018365383
391_9ee1b4fd18b040bb5445e46058840642 18.91215274333954 0.8386594448089599 0.17625203841924666
392_9eecb9726ab34ae0492d9da2668ec34c 21.971598467826844 0.8893041841983795 0.12613819118589162
393_9f6b1b905ee5ee9ddacbd849c304f00c 20.198730812072753 0.8955298027992249 0.13743405446410178
394_9f8708db66a4ff07f4b6538438a0b930 19.13267352104187 0.8609308376312256 0.17924679158627987
395_a06c400e070343cfd8a56a98f4d239c3 25.66008891105652 0.948630239725113 0.0878589710444212
396_a06c4c2f4634ccb1ee928ba0d9f88258 18.726230516433716 0.8484268114566803 0.1603094205111265
397_a07f62023d3784839aab0d90d6455f4a 22.185545535087584 0.9253867015838623 0.10328694330155849
398_a0c17b34d677907e1f98c0761af40e04 21.179684414863587 0.8950184121131897 0.13055359369516373
399_a10e8dc1cc9522b67a80d424f0f4074d 20.22074924945831 0.8790767164230346 0.14655803878605367
400_a10ee4a0964f4ef9e3b9dbfb07aa21fc 25.079511590003968 0.9474690947532654 0.07718895038217306
401_a11592a10d32207fd2c7b63cf34a2108 18.933854479789733 0.8113555443286896 0.22696823835372926
402_a122cf5d1e23e88d72a5c49c981e6593 24.907579050064086 0.9345831046104431 0.09324573609232903
403_a1240606049c440edbf3c13c5c0e828e 19.874118089675903 0.8881144969463348 0.12644594772160053
404_a1314dcd76f53519492d9da2668ec34c 23.937466659545898 0.9302099578380585 0.09322894763946533
405_a18b3364ce7ca94d5921d1ce0656232d 22.101340575218202 0.8869532430171967 0.14383227582275868
406_a1a34c1d45d47c371519c64630268dcd 18.738967657089233 0.8424868941307068 0.17633943821489811
407_a1d217ba806367cbc13a0d88b632af1d 24.430794801712036 0.9441758489608765 0.07812363244593143
408_a1e414f0380b7b9e1fc1bfd241d8d6a 21.077812685966492 0.927946251630783 0.08526458224654197
409_a203bbe3c9c1c676c3bd24f986301745 20.639802942276003 0.8611869173049926 0.17476704080402852
410_a241ab0fe7fbb1f41dea5e6084523ee 21.581545190811156 0.8800054471492768 0.1381178084090352
411_a287b508914a00a6857b1bfbb80503 18.590397028923036 0.8735921530723572 0.15427944783866404
412_a2b55fd7ab49da518a049f37ab48adf9 20.708933696746826 0.9043233592510224 0.16056211499869824
413_a2bffa12e0737e66febad4f49b26ec52 21.914509863853453 0.9037528510093689 0.11963491663336753
414_a31b0ccff3aba978c3bd24f986301745 17.424864020347595 0.7911902747154236 0.26601977467536925
415_a32e0ecf12641f34515e5383285f6afd 20.121391143798828 0.8694581205844879 0.18255498905479908
416_a32e7b7b9e2ec5c351bcd597cb80c1f9 25.930137243270874 0.9232531166076661 0.1457292733043432
417_a339a318c8a40fd4eebb133aa4be217e 25.449220991134645 0.9536604588031768 0.07740041297674179
418_a366bbec303662a3ec545e4e9c852271 23.975544366836548 0.9172468476295471 0.1152931605130434
419_a39f54db298e53b035d20a1a3ca345 22.643157181739806 0.9270758574008942 0.09618924086540938
420_a3cb39c5271c3232feec1f13d2353f3 19.40698672294617 0.8324097414016723 0.2060012583732605
421_a3e990cd563b7a57ea411f5a15742da6 29.158199462890625 0.9706410455703736 0.05551481192186475
422_a439465d2bd623a14cb9f394cda169eb 20.46672448158264 0.8299492726325989 0.21958143892884255
423_a45477c29f71d4f37597e1f94410131a 20.785320920944216 0.8146457850933075 0.2110508185327053
424_a487bfde2aa50faa6d7bcadc05e0f4c2 19.185215940475462 0.8062023944854736 0.21455043852329253
425_a4b14d0f3cf8a8d7b37a59fbad57ca4 23.818542222976685 0.9464121339321137 0.09522543157637119
426_a4bf3b34bf49c5aa799b0b9a0d4a12cf 24.502902240753173 0.9534301660060882 0.07207738640904426
427_a544d05ee3bf362d27e1ddec710c515b 22.948253793716432 0.8781288774013519 0.16850514760613441
428_a592c3bf73afeb9294741031f62be2f6 23.39486499786377 0.9344668397903443 0.08457041547447443
429_a5eea0cf3865da9749fb53621b8edde7 21.58341464996338 0.9011362583637238 0.1299574965760112
430_a631fb1b054697dcfd8aaf214a1df4be 21.84955765724182 0.9124827885627746 0.13297924941778183
431_a63d7b6e62333b23ddc809959e304d48 25.085279016494752 0.9527393100261689 0.07205861889570951
432_a64bc6079afa241f762ec387b772e9e1 26.119858207702638 0.9653755621910095 0.06845457388460637
433_a65cd22689f14147f155d75bbf62b80 19.07458945274353 0.85107284116745 0.14952953389286994
434_a66d78cbf3603e8bba9df3ea0397b1a6 18.503115582466126 0.8349361171722413 0.22129575341939925
435_a69c999cd76e29862f8c68dc62edc38 19.881498017311095 0.8679127025604249 0.152681385576725
436_a749c31cee6965f33dc9e0e58bb697d3 27.443497753143312 0.967858900308609 0.06401762889325618
437_a7e33746f41cd181e258d1c3e7302e7b 24.244430975914 0.9193157613277435 0.12550848726183175
438_a801ccbf4985a57f17adebabcec6b7e 20.33615481376648 0.8725962543487549 0.1641229319423437
439_a85e81c62bed11ea7f4e21263a28c500 19.89451683521271 0.8501794197559357 0.1880218368768692
440_a873a489386dc825ed843e67f2e2e9d 18.564905762672424 0.8080219919681549 0.2022286857366562
441_a8da22b87a249bc9c9bfaa062f2e9d4c 22.579981899261476 0.9104264979362487 0.1269953001141548
442_a9053230c8e02442c8687ff9b0b4e4ac 27.95315318107605 0.967993332862854 0.06144545225054026
443_a919152f07e9e0d0fdef1c01cbd4ae0c 16.015648703575135 0.8338036894798279 0.192017406642437
444_a95b5ea73cf0c9bc8e72c17826417b99 25.104827184677124 0.9473369410037994 0.06992652111500501
445_a98b128938b56846ee316b26c8d85c48 20.011855435371398 0.9157362720966339 0.10530429058521985
446_a9eae610d9ab7c40a7d147d66b8f507d 22.288137454986572 0.9363537452220917 0.1010755604505539
447_aa154024474ad7d138a720835dbeef20 17.795101928710938 0.8084098722934723 0.21160538420081138
448_aa412e95e1f9c047d9b53420a5458c53 20.278881192207336 0.8699715321063995 0.17139421474933625
449_ad7a6efb5aa6c289810da4adc58441d 17.66865243911743 0.8030958824157715 0.19663728648424147
450_b091984264b4600f3ba7aee980c3a0ca 19.106626653671263 0.8230167269706726 0.18674482545256615
451_b1da0d9aab6d2308608505d960f2a393 25.31867476463318 0.9459393424987793 0.07060527159273625
452_b203918276818529febad4f49b26ec52 22.32108762741089 0.9199769539833069 0.09936261112242938
453_b24b70c9aaec3932cf577b918c6f725b 24.595406007766723 0.9615789089202881 0.06365087897330522
454_b29f5c7c73908424685a4d2d2b5da82a 26.788030090332033 0.9604455742835999 0.07432286055386067
455_b4371c352f96c4d5a6fee8e2140acec9 21.719171595573425 0.8802260291576386 0.13971782275289296
456_b455c3037b013d85492d9da2668ec34c 22.51687068462372 0.9200509490966797 0.10374394509196282
457_b4c73f4772efcf69742728b30848ed03 21.002346014976503 0.866698677778244 0.17194345626235008
458_b4ff370c931ce57d1705b902738021f 25.813708992004393 0.964789023399353 0.07404667020589113
459_b5699ce2511433f3b28ede0f9f5a31e9 20.66493241786957 0.9136598970890045 0.12635723209381103
460_b596b505cbeb456e763d8d4012bcdd98 21.36610878944397 0.911911217212677 0.11048053561896086
461_b60546b326e585e03ac416718757a350 21.589501910209655 0.9023542196750641 0.12344985353201628
462_b60eb72661b2e56f7445d25f394949d0 18.134572429656984 0.8189771826267243 0.21372971391677856
463_b6689fb8b784c570cc514b26ccc20774 20.297763738632202 0.8889919919967652 0.1479000510275364
464_b66a32bed74e203591f74997d435672d 25.67222113609314 0.9528599655628205 0.08596240031719207
465_b6843e186082096ebf80985a99195eb8 24.066865739822386 0.9370254848003388 0.07962423523515463
466_b6d43a52bc2eb8504d5af97121b5f 20.69084282875061 0.8910074210166932 0.12536183097958564
467_b709b41d6bafd77480cef45d94d1481b 20.561421856880187 0.9076762449741363 0.1133106606900692
468_b7316f361054c8501962281db2f162a0 21.756791491508483 0.8876352832317352 0.14802524185180663
469_b79bc903ae820b5ffefccbce7fd86667 18.961386737823485 0.8440819973945618 0.19896102386713027
470_b7af84a7e76dfb59b04cb542e2c50eb4 22.213173966407776 0.9280501403808594 0.08757180908322335
471_b7e01301bb1eef41f92f3e7bff4c4ab0 19.30206275463104 0.8179256641864776 0.22849159693717958
472_b7fd3cf7f37e22e6713decb1a0563b12 23.33398741722107 0.9211865503787995 0.12279317599534989
473_b81be96660f38a8c7543d7dbfecfffbe 23.343964171409606 0.9380377020835876 0.08063124990463257
474_b83c9e0fefbbd843e88e73357a673e34 19.74351182937622 0.892727233171463 0.1254431939944625
475_b8552f663f2a4f4d54e4f80955961143 23.471026887893675 0.9456223485469818 0.06393338329344987
476_b8726f4ca171189ca858c901f3d90b5a 28.204215078353883 0.9708858995437623 0.056086081273853776
477_b89cbb45476e94a5e65235d5580cc3e0 25.16097659111023 0.9421923871040344 0.08983172413706779
478_b8e40ffe5c8e61ba3c8d0fdfb1cc2535 21.324429163932802 0.9147738375663758 0.11015391377359629
479_b8fe0dd70bae3a9dba7a8c9ac8add14 23.065851230621337 0.9287762150764466 0.09025352021306753
480_b919250f54644e1e326e6d76fa066efd 22.336080737113953 0.9293105034828186 0.09569814154505729
481_b9382558b6b4e858ce5de6b2dd443a15 20.596498317718506 0.9114222328662872 0.13219108517467976
482_b944154f00e7cf1fad484915511ccff6 18.56963448524475 0.8357891163825989 0.1799049664735794
483_b96452f41194937691a3aa674c7ec1a3 19.952898349761963 0.8896163284778595 0.1764976950585842
484_b9a88078b22a4485fdef1c01cbd4ae0c 20.946727209091186 0.9100344893932343 0.11338215175271034
485_b9ac31cc001a0ab72a64ba172c1ba615 24.95915710449219 0.959539014339447 0.0722451368495822
486_b9e93c2036f24661ae890f02c6b951ff 21.0826171875 0.9180137193202973 0.10197355135530234
487_ba2f3a0d2e90025bb3234e0da44b11e4 21.847945346832276 0.9328543744087219 0.08703695331513882
488_ba673ea75085e46cbfd72d7396bc040a 19.43067706108093 0.895513249874115 0.1046798920109868
489_bab30539155767a59f422d8258cbffab 23.47074565410614 0.887941311120987 0.14202430863678456
490_bb296502226ae23475becd8a4c3f1866 15.141444416046143 0.8048577771186829 0.22590972183644772
491_bb4868c1026c04fd7df0e9a69c97c97d 25.168474678993224 0.9578294847011566 0.0681490855962038
492_bb831481ea5166e318656877cdc36a54 20.909614472389222 0.9262469022274017 0.09545722308009863
493_bb8fbbbb9925a376d1dcc55e36186e4e 18.95038188457489 0.8337389826774597 0.2021754197180271
494_bbab666132885a14ea96899baeb81e22 20.979106998443605 0.8890478341579438 0.1370527555644512
495_bbadf45aa419015c7e4d369f13ed434e 26.320870389938353 0.9466085538864136 0.07257685931026936
496_bbd6bde216a2c18479368d1198f406e7 21.909161500930786 0.8969057443141937 0.14779325796663761
497_bbe63bca5688ac6b7236a8143b10600f 26.44509306907654 0.9673533041477204 0.0629524342790246
498_bbf45d2d189dcd758e5f5b49c9f5b3f2 21.27070170879364 0.9235682110786438 0.08621739390492439
499_bc4d7324d2438885f4b35f4029eb1ecf 19.518839592933656 0.821775114774704 0.18903930753469467
500_bca8b73b32108ad6d42ec7e303174a87 23.986795873641967 0.9328453657627106 0.09065146984159947
501_bce5c7402feef6d235fce1b314c89aa4 19.68607011795044 0.8219527394771576 0.1900297476053238
502_bd3e65b625c9d994b022c94235bc8601 26.6574489402771 0.9634335227012635 0.056513567969202996
503_bd500b346c427b31f7628281ecb18112 20.49618151664734 0.8281726813316346 0.1980012299120426
504_bd9137fb2f1151b23def89b32cef8e45 19.817866687774657 0.8730576608181 0.1571551585048437
505_bdc58ca6d411823cae786e8787e8886a 27.57120301246643 0.9650960097312927 0.05997257649898529
506_bdd51e6d7ff84be7492d9da2668ec34c 21.92257577419281 0.9233998601436615 0.09799967263638973
507_bdedbb7887d2c1ac6a45b3b48c00378 20.454563388824464 0.8919698238372803 0.1250004245713353
508_be1e5985324b401be92225287f8225f7 23.512349705696106 0.9244111998081207 0.11716639395058155
509_be38dc611c4bdef7f1cdfc0a8f38f2e 26.53352068901062 0.9617214856147767 0.06044546370208263
510_be7897b96b04a5d12aca5d156344f8d3 26.893705139160158 0.9564482378959656 0.07028774271160364
511_bea34ffef0c02f07492d9da2668ec34c 23.510058164596558 0.8960832331180573 0.12896927904337643
512_bebd1aac01d747e82500a3366a96c301 21.719737930297853 0.915198209285736 0.10194150794297457
513_bec151e32bbc7e9b28c54e8f8953f499 20.022693872451782 0.820268673658371 0.204815546810627
514_bf879252fc85aa936d838816bd35691f 21.01007131576538 0.8517114660739898 0.16266464814543724
515_bfa435c63b1e96d3492d9da2668ec34c 18.90522885799408 0.8520089015960693 0.14813400126993656
516_c04c13649c4cbc5ebed0f345f50b6a5 25.286725206375124 0.95425554895401 0.08070324414223433
517_c0739ef0c29f005ef1f5e7b74609d54c 17.045005378723143 0.8057179272174835 0.19291566026210785
518_c0b45de1c0e8f80d4521562865ab775e 21.52900806903839 0.9097492771148682 0.10011080142855644
519_c0d25cd4481b3c2a365f491f6e3dbc3f 20.595224409103395 0.8751772139072418 0.16194562704861165
520_c0fa1417c0cf2f20593ebeeedbff73b 21.006255512237548 0.84508726811409 0.1828058099448681
521_c1b8c2f0c4f3cc43aff7c08b060f5ed6 27.341363544464112 0.9666786308288574 0.057558975704014304
522_c20dcfe55ce58c055c10b08ea69398c3 24.684519329071044 0.943326712846756 0.08090536174178123
523_c22ce6ebc2b5bc9b59a44e6453790000 16.37315782546997 0.7942282586097718 0.22913042697310448
524_c30813d1130b492e81b31fbac7146568 19.353314666748048 0.8728817603588104 0.14113583575189115
525_c447f8e63d691e6f44d8225a445f54eb 19.262602400779723 0.8429274778366089 0.1838427740186453
526_c45ff54d4192633684cd6dc1b226aa5b 23.437197737693786 0.9449075310230255 0.0797724040336907
527_c47e364fbc29803b2c0eb4a518e123ac 19.51407555580139 0.8361027178764343 0.18727338518202305
528_c50c2887ba2b5535c32fd7e88552aa9 25.8669002532959 0.9458332538604737 0.09048649334907531
529_c5c4e6110fbbf5d3d83578ca09f86027 17.933674082756042 0.7788916728496551 0.2413408064842224
530_c62a17ea91815a7a492d9da2668ec34c 23.033080339431763 0.91994016289711 0.10327812786400319
531_c666bd15aaebd5b02de0bc4fc4d02dd6 24.544995679855347 0.9428725922107697 0.08192313525080681
532_c67949ee2c241e8e9b9f2eb77f5e247e 26.788081302642823 0.9631959664821624 0.06850522381812334
533_c6c7820d5e2f0011c2bf2dcc31ba1713 21.415956735610962 0.9155444066524505 0.11670679520070552
534_c8166f63964058199947cf98084faa8 22.488622851371765 0.9201892304420471 0.11852961134910583
535_c8713376eb588f422c0e1e24bb9eb3ab 25.830219526290893 0.9593020777702331 0.07674106573313474
536_c8aca0182d3e48add93768e7b9b1eabf 18.592372832298278 0.7732776434421539 0.25034824819862844
537_c92721a95fe44b018039b09dacd0f1a7 26.466872940063478 0.9562567789554596 0.07466390925645829
538_c93113c742415c76cffd61677456447e 17.34038740158081 0.876802770614624 0.15162300270795823
539_c93a696c4b6f843122963ea1e168015d 26.30631838798523 0.9603744096755982 0.09351418608427048
540_c951e7bd4c0cbce17ec5a98b3b8c425f 24.159152617454527 0.9390734734535218 0.09270616625994443
541_c95e8fc2cf96b9349829306a513f9466 17.28375024318695 0.7824828498363495 0.27503559696674346
542_c967b1e07ef7fc0bebc740fe800c0367 20.10746313095093 0.8787643964290619 0.14842892871797084
543_c97b5b80a24030ae70e99aac955544a0 17.452094917297362 0.7898480994701386 0.2364550793170929
544_c9b0828029f0405c473f10e6caaeca56 20.269406070709227 0.84942524933815 0.2062045696079731
545_ca1bf3f8bac2927cefda51b1bbd149fd 27.5054927444458 0.950240068435669 0.09363210773468017
546_ca23c31de817db9b67981fccd6325b88 21.272795128822327 0.9164909999370575 0.11310761685669422
547_cb68461343aa852772dadd9292b51ceb 15.00710862159729 0.7120657150745392 0.2797294494211674
548_cb8e63317e0ac998e6543556f230fe9c 23.747202157974243 0.949515460729599 0.09461211125552654
549_cbf829a6c4df229dfebad4f49b26ec52 22.54726454257965 0.9198394703865052 0.10711201943457127
550_cc25ba35b3f6e8d3d064b65ccd89778c 20.0829034948349 0.8897093095779419 0.1204362085312605
551_cc665438c4f7baab137d9700e13a503f 16.14534200668335 0.705805354833603 0.26673993095755577
552_ccc772dd462e8d2da6fee8e2140acec9 22.447109322547913 0.9098147754669189 0.1031907498538494
553_cd547b0ff5cd668a86c701087a194026 21.047987542152406 0.8592312049865722 0.20533052869141102
554_cdfd278e8b1c11bfc36d58d0f13497a0 25.973720111846923 0.9490855102539062 0.07555165877193212
555_ce35ada9c4a8de2fffc6e457221b9271 19.57159595012665 0.8574192726612091 0.168954614803195
556_ce60636e30770f9d8193714e438a24d5 24.33900588989258 0.9414063251018524 0.09278066603839398
557_cf32f38c2b6c58dce45ef4135c266a12 24.873346786499024 0.9478844704627991 0.06973335292935372
558_cf62f90e75531ac63cf953ab4f77463 23.84179183959961 0.9097859070301056 0.12924280957877635
559_cf80306fbfc886095213cec267286d18 18.03604280471802 0.7815839636325836 0.2655955023169517
560_cf975250fbeec5148b01ef724ff374fa 22.137063035964967 0.9074446065425873 0.12429961742460728
561_d00a7550cf050fb3720daf9b94e7a5a 21.0744025182724 0.9106379292011261 0.11964603585004807
562_d021835e503e575b4f7a7f19de079d1c 18.504984350204467 0.7413262548446655 0.20257911092042924
563_d081ce6cdafa416c8687ff9b0b4e4ac 27.680703420639038 0.9700695178508758 0.060452894642949104
564_d0c6af0d44cc068523c1b1df1d480bd3 21.620789299011232 0.9027349381446839 0.12724145556986333
565_d11ee4294daf6ebe492d9da2668ec34c 22.6846572971344 0.9193146901130677 0.1100209192559123
566_d28423569bfd84708336a02debb9923b 21.758009581565858 0.8940654933452606 0.15984193460643292
567_d3562f992aa405b214b1fd95dbca05 27.43296915054321 0.9462307722568511 0.10054987668991089
568_d374912c3a9fca96c141a04b2a487fd9 27.075096826553345 0.9781871306896209 0.050571921579539776
569_d54100efac3ab743626ced72908b525d 24.977915678024292 0.9580702793598175 0.07842516350001097
570_d57bbc72d1b2670e4209d14d674fb332 20.153025407791137 0.83328799700737 0.2096710906624794
571_d5e1c6d3e6ce16ca8f5bf896c08c419f 22.304941239356996 0.9029009356498718 0.12684134447574616
572_d6203deed1b54c8279b3e1be3524f72f 19.946806921958924 0.8578607068061829 0.17979025496542453
573_d6579d7c278cb9a47f093285855bdfd7 26.764270658493043 0.959573282957077 0.071858053997159
574_d6ac690c293a492d2d2a5d4c4022b4c6 18.651045541763306 0.8437086184024811 0.20413933973014356
575_d761518bcbcefa4080067e3fdc6db24c 22.564775667190553 0.9002227597236633 0.1502583746612072
576_d76ec8373d0a8f0dbb44d2e3e3af4857 21.674143033027647 0.9343862583637238 0.07575388541072607
577_d7ba3ad07551c886a2c9d2062eb4aba4 18.19683484554291 0.7870226545333863 0.23746920251846312
578_d8b189ddc0ca5b8c681404257d94ad9 22.15425099849701 0.9134873683452607 0.08822335500270129
579_d8c6c9fd4919e7f1c8d01774acf97a 14.980948934555053 0.8267310578823089 0.19856079202890395
580_d8f7e27824e61aaa81dff5c2e57ad46e 20.8392134141922 0.8728902213573456 0.16381449769437312
581_d9fe499372f2156fc0d328376073b25 23.05301362514496 0.9353044424057007 0.09041675958037376
582_da264a41dd8fdd655357c338ec9641 19.97960576057434 0.8527399759292602 0.19939825661480426
583_da7aeb7a73f298329940c34828c5731f 22.602183980941774 0.9428295948505402 0.09745400891453028
584_df6a3bc55f86781218930ac69342cc5c 23.583304672241212 0.9412189600467682 0.09856766927242279
585_df6ca774d390755cbd18e74cb7446915 23.277114539146424 0.8948041594028473 0.14707198491692544
586_dfc85456795d943bbadc820495ddb59 26.88962763786316 0.9698007535934449 0.05960620865225792
587_dfd7e14d25b81c1db5d9b03636b8bad3 22.943767614364624 0.894029286146164 0.1373226275742054
588_e017c5c8562ae50882eddefc99ebacfd 25.414380731582643 0.9395879688262939 0.07974582029879093
589_e07c7d5be62d7cd73ff4affcd321d45 24.817549724578857 0.9569155020713807 0.07258433149755002
590_e0a011619d6c9df19f1deb04fb8ae481 24.271062622070314 0.9392147481441497 0.08913112103939057
591_e0a473eb557c424320768660cf080d12 18.366054859161377 0.8335015339851379 0.19886911346018316
592_e275ae27990e21988d2d730aebe7865d 19.734055666923524 0.7938249766826629 0.20559208583831787
593_e34658debcd1644dc8687ff9b0b4e4ac 28.143715562820436 0.9695547826290131 0.06114451108127832
594_e3a7c517fbe992ddd493bfe20f94b6ab 21.931437435150148 0.9030153384208679 0.10499515784531832
595_e488826128fe3854b300c4ca2f51c01b 24.761126194000244 0.9242047448158264 0.0822350756302476
596_e4c866b5dd958cd0803d0f5bac2abe4c 19.162756271362305 0.8542931504249572 0.1877534568607807
597_e4ce4c2a3709855450064625270cfef 17.817813901901246 0.8380574543476105 0.1811928237825632
598_e51df025a8c64a483147d51c94487639 20.044703063964842 0.8083077099323273 0.2168790299296379
599_e5f405ad8aeca327d9b53420a5458c53 18.698099665641784 0.8561387295722962 0.16493339245021343
600_e6b0b43093f105277997a53584de8fa7 25.606194791793822 0.9637605397701263 0.07195025513321161
601_e71ad853f50ea7872acd2bb6205825cb 17.605657415390013 0.8324193427562714 0.2158409805446863
602_e867483a25b070ed89ccdb4a5b6b972a 25.829324445724488 0.9493662333488464 0.07254099284857511
603_e9043a68f672c1f3a8699b6183baa203 18.587078866958617 0.8172236359119416 0.19461608900129795
604_e90f124b13901eabae8375def5e736d8 19.74159146308899 0.8777177243232727 0.15432326886057854
605_e9651bd689ba5c14713decb1a0563b12 23.54211544036865 0.9412065317630768 0.08481775610148906
606_e96c3df69c2a6fdee7e684d25d4dcaf0 21.029564123153687 0.8968626365661622 0.12308033818006515
607_e9a8c9067bc733ed95bea7c29e873d16 20.365701117515563 0.8690016887187958 0.14461295583844186
608_e9e7883a296587ed804722305621f918 16.927072076797486 0.7731197974681854 0.23541420003771782
609_e9effe5159dc66673b93a3cd851adcaa 21.455375876426697 0.9385394854545593 0.09843278688192368
610_ea19940c812803d1383b5acc757bd668 21.406244883537294 0.8899802231788635 0.14247382137179374
611_ea8ace071a8ffc2a50a1e454933067 17.472950139045714 0.8552331852912903 0.19471487665176393
612_eaf231f17fccb96d81dff5c2e57ad46e 24.466447610855102 0.9203118183612824 0.12179606156051159
613_eb29a065b495dffc85528d560ddea455 20.545028014183046 0.7981142504215241 0.22113719367980958
614_ec758c4557250ca79f2349486c570dd4 24.79543486595154 0.9449988481998444 0.07578174059838057
615_ed7ed25d40b3c16b37bf42a4ca375618 19.853439297676086 0.8347463920116425 0.18358631750941276
616_eda9dd4d0d18c3f2296420d5ebe64c52 16.2723579454422 0.7725077292919159 0.2423099303394556
617_ee001ffa8483ae1b7f0e458a1629fd0a 22.76502926826477 0.9351174900531769 0.10022274124622345
618_ee484fb2c1e4e611a0dcc52ca811e565 22.491657099723817 0.9372670547962189 0.09619071619212627
619_ee8208e26cffa9f8ba208e534614d8c0 25.24170253753662 0.9489205164909362 0.08748308385908604
620_eee352c9cadd79cedb1051713db42252 24.160632877349855 0.9609602177143097 0.0674105107858777
621_eee7f5138b978078fdef1c01cbd4ae0c 22.547800951004028 0.888939528465271 0.13685887421667575
622_ef2da724b16ae36654e404e041bdecdd 17.68524227142334 0.7733057255744934 0.2264694083482027
623_ef6c2cd0b8bb6e8720768660cf080d12 22.570146617889403 0.9432798793315887 0.08041855130344629
624_ef89cc3901e27fe0c5cedfd70cc18cf1 20.908310441970826 0.8934652979373932 0.12087770296633243
625_f030f5181057ddf75622d7484764b58f 18.599982767105104 0.8608485689163208 0.19221763145923615
626_f04698af574cb9847edf3a3d7d1bacae 30.129557390213012 0.9810447475910187 0.05682146679610014
627_f0bd1732f37da50c7000797f53fee6e4 26.481431789398194 0.965280452489853 0.06555134440213442
628_f12a3ffbe0f8b5076253bf0968762241 23.99688735961914 0.9561597473621368 0.08089909709990024
629_f199965dc6746de38b01ef724ff374fa 23.225614290237427 0.9087989568710327 0.12050685788691044
630_f1cb7ac166e7f23fd9d3572bbd9cf789 20.71551607131958 0.8802115836143494 0.14861763498187064
631_f1f69b9b2dbf7402c862eec8232fff1e 18.914543924331664 0.8604105758666992 0.1806979509294033
632_f2075f1c3088a167cf513de9a02a2561 17.258898735046387 0.8058687069416046 0.2334966628551483
633_f239fa77c7b8aa2e81f667e2a25e0619 17.95803810596466 0.7940845689773559 0.20598064070940017
634_f294980dc63731dcd0ad32b8d8cec005 22.895719528198242 0.8968073747158051 0.14133432656526565
635_f2aa3808b870ba95429b498f2f24a42 16.63605149269104 0.7933536605834961 0.24218343383073807
636_f2c1f929f451753de4ee93147efa8cb1 19.723745369911192 0.8803352429866791 0.1451690442711115
637_f3499b524c5dbbefa23949c21eddef76 24.977431650161744 0.9651347062587738 0.05592436296492815
638_f35645e0b1141804a57b3bec78e5d1b3 17.530227522850037 0.7779232332706452 0.23098820646107196
639_f4268a28d2a837a1167c009da6daa010 24.87484785079956 0.9372119970321655 0.09748512935638427
640_f4c6c927df8edb62c7623e33dc7256f2 23.710236072540283 0.9350983729362488 0.0945972496792674
641_f4db2e2e90e83c759b9f2eb77f5e247e 27.4109898853302 0.9672031679153442 0.06641298099607229
642_f4e355f3c1acc9f01ec783b810d76c4a 17.20367205142975 0.7709864914417267 0.22814599028229712
643_f64aa038d1e21e0ad2ebe04c523a4739 20.871997551918028 0.9120746228694916 0.10629183229804039
644_f68c32ea1e6cecd3c48d90eef8384210 24.91879532337189 0.9557933166027069 0.0736302623823285
645_f9d050a51da1f3ed30bbd4cddd04c77b 18.461333413124084 0.8010491461753845 0.20599805548787117
646_fa7f42b395c3cfce520ab6214a789faf 27.466299629211427 0.9696601235866547 0.06923439686000347
647_fac321238dc8637eaa7cb30470f3273c 21.79212916851044 0.9261113116741181 0.10185804738104344
648_fb42c4a8cf7b6d36ec89626a4213fd07 23.10695818901062 0.9441646802425384 0.0947588495761156
649_fbfdc8eed6598437b2bb75885cfc44 19.07025354862213 0.8531009266376496 0.17527126079797745
650_fc0e86a20a9606493cd6abbbeca4e2ad 25.31181984424591 0.9509242372512817 0.07040028031915427
651_fc369b19cfb50322492d9da2668ec34c 24.130442333221435 0.9273706216812134 0.09795527943968772
652_fc557cf617e03564da733bb42d274ff9 19.88060519695282 0.8026172533035278 0.23498717319965362
653_fc7b535acdde11f4aa3e869226c9586e 19.699538555145264 0.8705495574474335 0.17269400089234113
654_fdc7f288b8c65494a7101992f797b6a 22.496525650024413 0.9004007587432862 0.1619135274142027
655_fde328d91eee1480fc0035da39bd5e1 22.01353523731232 0.9236671388149261 0.1005008692368865
656_fe9467d48dc6b3491dfc750afa3f442 20.414582939147948 0.866430508852005 0.1450783536285162
657_ff3581996365bdddc3bd24f986301745 20.612990922927857 0.8591605551242828 0.17176655654609202
658_ff793ca32407b2022a54a8462d1ffe9d 24.317222394943236 0.9276602210998535 0.08800627888739108
659_ffd258571807e6425b1205fcf56bb774 22.518175377845765 0.879338403224945 0.15383647486567498
660_u1e22cc04-7c4d-4ed5-bda3-8ff8067f22ee 22.616865005493164 0.8493420217037201 0.18397093306481838
661_ue639c33f-d415-458c-8ff8-2ef68135af15 26.874708251953123 0.9682395870685577 0.05907428166270256
